734003200S,0C
0 0
88504 1
88353 1
2891484 1
1634 1
7371454 1
1473555 1
339511 1
578768 1
1447814 1
475922 1
89308 1
77589 1
166428 1
98929 1
242528 1
119084 1
318957 1
180061 1
6159 1
162689 1
728182 1
213641 1
1647761 1
40257 1
316980 1
1925856 1
851856 1
30020 1
31363 1
33774 1
36310 1
9424046 1
573003 1
301844 1
25717 1
580353 1
257180 1
24171 1
1150439 1
465818 1
39364 1
2689001 1
5356 1
6480 1
4853 1
5341 1
5366 1
5341 1
5367 1
59496 1
765927 1
7954438 1
42714 1
57921 1
45497 1
47903 1
106814 1
38701 1
901639 1
53755 1
59846 1
41179 1
61929 1
1705319 1
143800 1
3499330 1
25094 1
45588 1
46321 1
229195 1
2124680 1
257384 1
218982 1
3399272 1
428711 1
6758961 1
6770908 1
872800 1
1941508 1
3824695 1
48376 1
12261 1
12408 1
12586 1
660450 1
12355 1
6657 1
479850 1
1839936 1
2241 1
9908 1
14318 1
29134 1
893122 1
4881292 1
5385 1
15355497 1
13829 1
13654 1
13867 1
48400 1
13828 1
171710 1
40200 1
14555 1
17331 1
17089 1
819155 1
820216 1
855462 1
8349325 1
53518 1
53582 1
5141703 1
359527 1
24337052 1
3636 1
3678 1
1635 1
835462 1
265460 1
42926 1
44099 1
-42926 -1
239715 1
-44099 -1
-239715 -1
223195 1
197876 1
199727 1
199187 1
199188 1
370230 1
321376 1
40536 1
50884 1
442154 1
24340973 1
5145565 1
52432 1
8633 1
665286 1
30943 1
49111 1
428987 1
931219 1
280407 1
88504 1
-88504 -1
8485394 1
71565 1
252238 1
-71565 -1
-252238 -1
223583 1
42376 1
387 1
583 1
-387 -1
583 1
-583 -1
583 1
-583 -1
4653048 1
2005052 1
46051 1
46132 1
42671 1
45560 1
9261092 1
21466003 1
274479 1
296623 1
309008 1
3942690 1
45774 1
302548 1
4135642 1
67392 1
67383 1
-67392 -1
-67383 -1
160541 1
143505 1
67445 1
-67445 -1
178494 1
143667 1
18338 1
1798962 1
52733 1
-583 -1
-88504 -1
982595 1
323426 1
45232 1
4515282 1
358546 1
813460 1
338274 1
26059 1
15510290 1
46453 1
30504807 1
16501199 1
65714 1
75005 1
58512 1
59390 1
-199231 -3
74326 1
65117 1
16500646 1
-16501199 -1
-198833 -3
27973 1
-16500646 -1
54046 1
69861 1
1385772 1
25832 1
39330 1
1191886 1
495538 1
88453 1
45860 1
88509 1
-88453 -1
88509 1
88509 1
-88509 -1
-88509 -1
-88509 -1
49876 1
49025 1
-49876 -1
-49025 -1
