2147483647C
88139 1
17927 1
17918 1
17928 1
17927 1
17125 1
17166 1
16455 1
14745 1
17930 1
14776 1
17933 1
3238 1
17933 1
17928 1
17930 1
17925 1
17929 1
17926 1
17933 1
3230 1
17925 1
17929 1
17930 1
17931 1
17923 1
17931 1
17933 1
3117 1
17935 1
17935 1
3226 1
17930 1
17924 1
3235 1
17928 1
17922 1
17930 1
3505 1
17931 1
19677 1
19683 1
19682 1
19684 1
19688 1
19677 1
19682 1
19687 1
19685 1
19681 1
19677 1
19677 1
19684 1
3529 1
19674 1
19679 1
3225 1
3494 1
19683 1
19683 1
19674 1
19678 1
19670 1
19680 1
19677 1
3234 1
3231 1
19681 1
19684 1
19681 1
19681 1
19674 1
19684 1
19685 1
3382 1
3384 1
19683 1
15146 1
17028 1
17280 1
14918 1
15344 1
15656 1
17280 1
16585 1
19682 1
19681 1
19684 1
19676 1
19676 1
3231 1
19680 1
19687 1
19687 1
3236 1
19688 1
19688 1
19686 1
19672 1
19681 1
19682 1
3237 1
19684 1
19690 1
19693 1
19688 1
3235 1
3234 1
19689 1
19686 1
19692 1
19692 1
3238 1
19690 1
19691 1
19687 1
19691 1
19689 1
19688 1
19686 1
19687 1
3234 1
19690 1
19692 1
19693 1
19681 1
19686 1
19682 1
3481 1
19691 1
19686 1
19683 1
3235 1
19683 1
3237 1
19683 1
19690 1
3537 1
19687 1
